cam0_R: 3x3 -0.701375 0.259339 -0.66394 0.672056 0.550981 -0.494732 0.237515 -0.793198 -0.560735
cam0_r0: 3x1 -0.803147 -8.66972 4.62084
cam0_r1: 3x1 -4.66335 -12.9796 9.53674e-07
cam10_R: 3x3 -0.0691307 -0.499201 0.863724 -0.997402 0.017022 -0.0699919 0.0202376 -0.866319 -0.499081
cam10_r0: 3x1 0.720024 -6.14479 2.87198
cam10_r1: 3x1 5.14899 -5.64265 2.6226e-06
cam12_R: 3x3 -0.188335 0.425225 -0.885276 0.97826 0.160905 -0.130829 0.0868139 -0.89067 -0.446285
cam12_r0: 3x1 4.17823 -10.042 3.08828
cam12_r1: 3x1 -0.85901 -11.7642 3.09944e-06
cam14_R: 3x3 0.982602 0.12114 -0.14078 0.174605 -0.860883 0.477906 -0.0633017 -0.494172 -0.867057
cam14_r0: 3x1 0.592217 3.10205 3.97064
cam14_r1: 3x1 -0.741972 4.90811 -2.38419e-07
cam15_R: 3x3 0.702875 0.543579 -0.458791 0.710551 -0.506689 0.488246 0.0329359 -0.669169 -0.74238
cam15_r0: 3x1 -0.67204 2.90767 4.06934
cam15_r1: 3x1 -3.50179 4.68626 -4.52995e-06
cam18_R: 3x3 0.292896 0.552679 -0.780229 0.956133 -0.173201 0.236242 -0.00457064 -0.815197 -0.579165
cam18_r0: 3x1 -2.18576 -6.75417 2.91323
cam18_r1: 3x1 -5.9198 -6.43427 5.96046e-07
cam1_R: 3x3 -0.134076 -0.922481 0.36201 -0.989363 0.103803 -0.101913 0.0564355 -0.371824 -0.926586
cam1_r0: 3x1 1.50673 2.31191 4.0104
cam1_r1: 3x1 2.90654 2.59557 -3.09944e-06
cam21_R: 3x3 0.674247 0.565853 -0.474554 0.729131 -0.407991 0.549465 0.117302 -0.716487 -0.687668
cam21_r0: 3x1 -2.26619 -3.06681 3.74871
cam21_r1: 3x1 -5.05549 -1.02542 -1.0252e-05
cam22_R: 3x3 -0.969977 -0.157503 -0.185306 0.0605696 0.581492 -0.811295 0.235535 -0.798161 -0.554493
cam22_r0: 3x1 -0.177702 -8.47534 5.97688
cam22_r1: 3x1 -0.484269 -15.8743 4.76837e-07
cam27_R: 3x3 0.994477 -0.102426 -0.0228849 -0.0931083 -0.961652 0.257986 -0.0484318 -0.254431 -0.965877
cam27_r0: 3x1 -1.34197 0.397599 4.86273
cam27_r1: 3x1 -2.29029 1.15579 2.86102e-06
cam28_R: 3x3 -0.100227 0.312584 -0.944588 0.736702 0.661416 0.140707 0.668748 -0.681777 -0.296573
cam28_r0: 3x1 2.98993 0.041869 1.3081
cam28_r1: 3x1 0 0 0
cam2_R: 3x3 -0.0251647 -0.935248 0.353098 -0.998014 0.0439059 0.0451665 -0.0577449 -0.35126 -0.934496
cam2_r0: 3x1 -4.54899 -6.57469 3.90682
cam2_r1: 3x1 -2.92942 -6.07018 2.38419e-07
cam30_R: 3x3 -0.0671061 0.926983 -0.369052 0.995215 0.0358585 -0.0908943 -0.0710237 -0.373386 -0.924953
cam30_r0: 3x1 1.40212 -1.49496 3.63592
cam30_r1: 3x1 0.206378 -2.484 -1.43051e-06
cam32_R: 3x3 -0.483315 -0.565954 0.667909 -0.875444 0.314263 -0.367201 -0.00207998 -0.762191 -0.647349
cam32_r0: 3x1 -4.92878 -3.30664 4.65455
cam32_r1: 3x1 -0.0828223 -4.69194 -1.19209e-06
cam39_R: 3x3 0.997389 -0.0395057 0.060459 -0.0546377 -0.960195 0.273935 0.0472304 -0.276523 -0.959846
cam39_r0: 3x1 -0.911781 -13.6029 4.63081
cam39_r1: 3x1 -1.41546 -12.5169 0
cam40_R: 3x3 -0.557767 0.417367 -0.717426 0.828826 0.325995 -0.454726 0.0440897 -0.848252 -0.527754
cam40_r0: 3x1 3.47099 -2.32623 3.61338
cam40_r1: 3x1 -0.271491 -5.89441 4.76837e-06
cam5_R: 3x3 0.461695 -0.495622 0.735661 -0.887022 -0.263096 0.379437 0.00549206 -0.827731 -0.561098
cam5_r0: 3x1 -5.57848 -11.8439 3.53756
cam5_r1: 3x1 -1.89631 -8.86163 -2.6226e-06
cam6_R: 3x3 0.419247 0.608369 -0.673884 0.907794 -0.290681 0.302349 -0.0119457 -0.738506 -0.674141
cam6_r0: 3x1 3.58682 -0.915826 4.13508
cam6_r1: 3x1 -0.533777 -0.125971 -4.29153e-06
cam7_R: 3x3 0.0668002 -0.70512 0.705935 -0.997093 -0.0211804 0.0731955 -0.0366597 -0.708772 -0.704484
cam7_r0: 3x1 1.245 2.12483 3.81574
cam7_r1: 3x1 4.64218 3.35253 -4.76837e-06
cam8_R: 3x3 -0.00463348 -0.606905 0.794761 -0.999317 -0.0263279 -0.0259309 0.036662 -0.794338 -0.606369
cam8_r0: 3x1 1.45269 0.386005 3.45431
cam8_r1: 3x1 5.46768 1.11356 -2.14577e-06
cam9_R: 3x3 -0.0355099 -0.69796 0.715256 -0.999288 0.0339532 -0.0164789 -0.0127836 -0.715332 -0.698668
cam9_r0: 3x1 0.737494 -3.37576 3.76849
cam9_r1: 3x1 3.88167 -2.2983 -2.67029e-05
camera_scale: 0.33
camera_skips: 20
cameras: 1x12 5 6 7 9 12 14 15 18 21 27 32 40
db_host: localhost
db_password: kbkbrnjy
db_table: jalo_vision
db_user: alex
default_R: 3x3 -0.66325486 0.40076259 -0.63204616 0.74838018 0.36022136 -0.55692697 0.0044810306 -0.84239537 -0.53884137
default_r0: 3x1 1.88229 2.48768 2.20351
default_r1: 3x1 0 0 0
display_scale: 50.000000
dist-coeffs: 1x5 -0.2 0 0 0 0
draw_alpha: 0.200000
draw_fill: 0
draw_points: 0
draw_text: 1
draw_wireframe: 1
fov: 120
height_real: 13.000000
interactive: 0
interactive2D: 1
models_path: ../models/shop1
origin_height: 0.000000
origin_width: 5.000000
person_radius: 1.000000
shoulder_height: 1.600000
view_distance: 7.000000
width_real: 22.000000
yolo_cfg: ../3party/darknet/cfg/yolov3-tiny.cfg
yolo_weights: ../3party/darknet/yolov3-tiny.weights
